path = [
275, 275, 2; 
277, 275, 2; 
279, 275, 2; 
280, 275, 2; 
282, 275, 2; 
284, 275, 2; 
286, 275, 2; 
288, 275, 2; 
290, 275, 2; 
292, 275, 2; 
294, 275, 2; 
296, 275, 2; 
298, 275, 2; 
300, 275, 2; 
302, 275, 2; 
304, 275, 2; 
306, 275, 2; 
308, 275, 2; 
310, 275, 2; 
312, 275, 2; 
314, 275, 2; 
316, 275, 2; 
318, 275, 2; 
320, 275, 2; 
322.5, 275.67, 2; 
324.33, 277.5, 2; 
325, 280, 2; 
325, 282, 2; 
325, 284, 2; 
325, 286, 2; 
325, 288, 2; 
325, 290, 2; 
325, 292, 2; 
325, 294, 2; 
325, 296, 2; 
325, 298, 2; 
325, 300, 2; 
325, 302, 2; 
325, 304, 2; 
325, 306, 2; 
325, 308, 2; 
325, 310, 2; 
325, 312, 2; 
325, 314, 2; 
325, 316, 2; 
325, 318, 2; 
325, 320, 2; 
324.33, 322.5, 2; 
322.5, 324.33, 2; 
320, 325, 2; 
318, 325, 2; 
316, 325, 2; 
314, 325, 2; 
312, 325, 2; 
310, 325, 2; 
308, 325, 2; 
306, 325, 2; 
304, 325, 2; 
302, 325, 2; 
300, 325, 2; 
298, 325, 2; 
296, 325, 2; 
294, 325, 2; 
292, 325, 2; 
290, 325, 2; 
288, 325, 2; 
286, 325, 2; 
284, 325, 2; 
282, 325, 2; 
280, 325, 2; 
277.5, 324.33, 2; 
275.67, 322.5, 2; 
275, 320, 2; 
275, 318, 2; 
275, 316, 2; 
275, 314, 2; 
275, 312, 2; 
275, 310, 2; 
275, 308, 2; 
275, 306, 2; 
275, 304, 2; 
275, 302, 2; 
275, 300, 2; 
275, 298, 2; 
275, 296, 2; 
275, 294, 2; 
275, 292, 2; 
275, 290, 2; 
275, 288, 2; 
275, 286, 2; 
275, 284, 2; 
275, 282, 2; 
275, 280.707, 2; 
275.67, 278.207, 2; 
277.5, 276.377, 2; 
280, 275.707, 2; 
280.707, 275.707, 2; 
282.707, 275.707, 2; 
284.707, 275.707, 2; 
286.707, 275.707, 2; 
288.707, 275.707, 2; 
290.707, 275.707, 2; 
292.707, 275.707, 2; 
294.707, 275.707, 2; 
296.707, 275.707, 2; 
298.707, 275.707, 2; 
300.707, 275.707, 2; 
302.707, 275.707, 2; 
304.707, 275.707, 2; 
306.707, 275.707, 2; 
308.707, 275.707, 2; 
310.707, 275.707, 2; 
312.707, 275.707, 2; 
314.707, 275.707, 2; 
316.707, 275.707, 2; 
318.707, 275.707, 2; 
319.293, 275.707, 2; 
321.793, 276.377, 2; 
323.623, 278.207, 2; 
324.293, 280.707, 2; 
324.293, 282.707, 2; 
324.293, 284.707, 2; 
324.293, 286.707, 2; 
324.293, 288.707, 2; 
324.293, 290.707, 2; 
324.293, 292.707, 2; 
324.293, 294.707, 2; 
324.293, 296.707, 2; 
324.293, 298.707, 2; 
324.293, 300.707, 2; 
324.293, 302.707, 2; 
324.293, 304.707, 2; 
324.293, 306.707, 2; 
324.293, 308.707, 2; 
324.293, 310.707, 2; 
324.293, 312.707, 2; 
324.293, 314.707, 2; 
324.293, 316.707, 2; 
324.293, 318.707, 2; 
324.293, 319.293, 2; 
323.623, 321.793, 2; 
321.793, 323.623, 2; 
319.293, 324.293, 2; 
317.293, 324.293, 2; 
315.293, 324.293, 2; 
313.293, 324.293, 2; 
311.293, 324.293, 2; 
309.293, 324.293, 2; 
307.293, 324.293, 2; 
305.293, 324.293, 2; 
303.293, 324.293, 2; 
301.293, 324.293, 2; 
299.293, 324.293, 2; 
297.293, 324.293, 2; 
295.293, 324.293, 2; 
293.293, 324.293, 2; 
291.293, 324.293, 2; 
289.293, 324.293, 2; 
287.293, 324.293, 2; 
285.293, 324.293, 2; 
283.293, 324.293, 2; 
281.293, 324.293, 2; 
280.707, 324.293, 2; 
278.207, 323.623, 2; 
276.377, 321.793, 2; 
275.707, 319.293, 2; 
275.707, 317.293, 2; 
275.707, 315.293, 2; 
275.707, 313.293, 2; 
275.707, 311.293, 2; 
275.707, 309.293, 2; 
275.707, 307.293, 2; 
275.707, 305.293, 2; 
275.707, 303.293, 2; 
275.707, 301.293, 2; 
275.707, 299.293, 2; 
275.707, 297.293, 2; 
275.707, 295.293, 2; 
275.707, 293.293, 2; 
275.707, 291.293, 2; 
275.707, 289.293, 2; 
275.707, 287.293, 2; 
275.707, 285.293, 2; 
275.707, 283.293, 2; 
275.707, 281.414, 2; 
276.377, 278.914, 2; 
278.207, 277.084, 2; 
280.707, 276.414, 2; 
281.414, 276.414, 2; 
283.414, 276.414, 2; 
285.414, 276.414, 2; 
287.414, 276.414, 2; 
289.414, 276.414, 2; 
291.414, 276.414, 2; 
293.414, 276.414, 2; 
295.414, 276.414, 2; 
297.414, 276.414, 2; 
299.414, 276.414, 2; 
301.414, 276.414, 2; 
303.414, 276.414, 2; 
305.414, 276.414, 2; 
307.414, 276.414, 2; 
309.414, 276.414, 2; 
311.414, 276.414, 2; 
313.414, 276.414, 2; 
315.414, 276.414, 2; 
317.414, 276.414, 2; 
318.586, 276.414, 2; 
321.086, 277.084, 2; 
322.916, 278.914, 2; 
323.586, 281.414, 2; 
323.586, 283.414, 2; 
323.586, 285.414, 2; 
323.586, 287.414, 2; 
323.586, 289.414, 2; 
323.586, 291.414, 2; 
323.586, 293.414, 2; 
323.586, 295.414, 2; 
323.586, 297.414, 2; 
323.586, 299.414, 2; 
323.586, 301.414, 2; 
323.586, 303.414, 2; 
323.586, 305.414, 2; 
323.586, 307.414, 2; 
323.586, 309.414, 2; 
323.586, 311.414, 2; 
323.586, 313.414, 2; 
323.586, 315.414, 2; 
323.586, 317.414, 2; 
323.586, 318.586, 2; 
322.916, 321.086, 2; 
321.086, 322.916, 2; 
318.586, 323.586, 2; 
316.586, 323.586, 2; 
314.586, 323.586, 2; 
312.586, 323.586, 2; 
310.586, 323.586, 2; 
308.586, 323.586, 2; 
306.586, 323.586, 2; 
304.586, 323.586, 2; 
302.586, 323.586, 2; 
300.586, 323.586, 2; 
298.586, 323.586, 2; 
296.586, 323.586, 2; 
294.586, 323.586, 2; 
292.586, 323.586, 2; 
290.586, 323.586, 2; 
288.586, 323.586, 2; 
286.586, 323.586, 2; 
284.586, 323.586, 2; 
282.586, 323.586, 2; 
281.414, 323.586, 2; 
278.914, 322.916, 2; 
277.084, 321.086, 2; 
276.414, 318.586, 2; 
276.414, 316.586, 2; 
276.414, 314.586, 2; 
276.414, 312.586, 2; 
276.414, 310.586, 2; 
276.414, 308.586, 2; 
276.414, 306.586, 2; 
276.414, 304.586, 2; 
276.414, 302.586, 2; 
276.414, 300.586, 2; 
276.414, 298.586, 2; 
276.414, 296.586, 2; 
276.414, 294.586, 2; 
276.414, 292.586, 2; 
276.414, 290.586, 2; 
276.414, 288.586, 2; 
276.414, 286.586, 2; 
276.414, 284.586, 2; 
276.414, 282.586, 2; 
276.414, 282.121, 2; 
277.084, 279.621, 2; 
278.914, 277.791, 2; 
281.414, 277.121, 2; 
282.121, 277.121, 2; 
284.121, 277.121, 2; 
286.121, 277.121, 2; 
288.121, 277.121, 2; 
290.121, 277.121, 2; 
292.121, 277.121, 2; 
294.121, 277.121, 2; 
296.121, 277.121, 2; 
298.121, 277.121, 2; 
300.121, 277.121, 2; 
302.121, 277.121, 2; 
304.121, 277.121, 2; 
306.121, 277.121, 2; 
308.121, 277.121, 2; 
310.121, 277.121, 2; 
312.121, 277.121, 2; 
314.121, 277.121, 2; 
316.121, 277.121, 2; 
317.879, 277.121, 2; 
320.379, 277.791, 2; 
322.209, 279.621, 2; 
322.879, 282.121, 2; 
322.879, 284.121, 2; 
322.879, 286.121, 2; 
322.879, 288.121, 2; 
322.879, 290.121, 2; 
322.879, 292.121, 2; 
322.879, 294.121, 2; 
322.879, 296.121, 2; 
322.879, 298.121, 2; 
322.879, 300.121, 2; 
322.879, 302.121, 2; 
322.879, 304.121, 2; 
322.879, 306.121, 2; 
322.879, 308.121, 2; 
322.879, 310.121, 2; 
322.879, 312.121, 2; 
322.879, 314.121, 2; 
322.879, 316.121, 2; 
322.879, 317.879, 2; 
322.209, 320.379, 2; 
320.379, 322.209, 2; 
317.879, 322.879, 2; 
315.879, 322.879, 2; 
313.879, 322.879, 2; 
311.879, 322.879, 2; 
309.879, 322.879, 2; 
307.879, 322.879, 2; 
305.879, 322.879, 2; 
303.879, 322.879, 2; 
301.879, 322.879, 2; 
299.879, 322.879, 2; 
297.879, 322.879, 2; 
295.879, 322.879, 2; 
293.879, 322.879, 2; 
291.879, 322.879, 2; 
289.879, 322.879, 2; 
287.879, 322.879, 2; 
285.879, 322.879, 2; 
283.879, 322.879, 2; 
282.121, 322.879, 2; 
279.621, 322.209, 2; 
277.791, 320.379, 2; 
277.121, 317.879, 2; 
277.121, 315.879, 2; 
277.121, 313.879, 2; 
277.121, 311.879, 2; 
277.121, 309.879, 2; 
277.121, 307.879, 2; 
277.121, 305.879, 2; 
277.121, 303.879, 2; 
277.121, 301.879, 2; 
277.121, 299.879, 2; 
277.121, 297.879, 2; 
277.121, 295.879, 2; 
277.121, 293.879, 2; 
277.121, 291.879, 2; 
277.121, 289.879, 2; 
277.121, 287.879, 2; 
277.121, 285.879, 2; 
277.121, 283.879, 2; 
277.121, 282.828, 2; 
277.791, 280.328, 2; 
279.621, 278.498, 2; 
282.121, 277.828, 2; 
282.828, 277.828, 2; 
284.828, 277.828, 2; 
286.828, 277.828, 2; 
288.828, 277.828, 2; 
290.828, 277.828, 2; 
292.828, 277.828, 2; 
294.828, 277.828, 2; 
296.828, 277.828, 2; 
298.828, 277.828, 2; 
300.828, 277.828, 2; 
302.828, 277.828, 2; 
304.828, 277.828, 2; 
306.828, 277.828, 2; 
308.828, 277.828, 2; 
310.828, 277.828, 2; 
312.828, 277.828, 2; 
314.828, 277.828, 2; 
316.828, 277.828, 2; 
317.172, 277.828, 2; 
319.672, 278.498, 2; 
321.502, 280.328, 2; 
322.172, 282.828, 2; 
322.172, 284.828, 2; 
322.172, 286.828, 2; 
322.172, 288.828, 2; 
322.172, 290.828, 2; 
322.172, 292.828, 2; 
322.172, 294.828, 2; 
322.172, 296.828, 2; 
322.172, 298.828, 2; 
322.172, 300.828, 2; 
322.172, 302.828, 2; 
322.172, 304.828, 2; 
