path = [
34, 7.5, 3; 
34, 14.5711, 3; 
31.1716, 17.3995, 3; 
28.3431, 20.2279, 3; 
25.5147, 23.0563, 3; 
23.3934, 25.1777, 3; 
16.3223, 25.1777, 3; 
13.4939, 22.3492, 3; 
10.6655, 19.5208, 3; 
9.95837, 18.8137, 3; 
9.95837, 11.7426, 3; 
12.7868, 8.91421, 3; 
15.6152, 6.08579, 3; 
18.4437, 3.25736, 3; 
20.565, 1.13604, 3; 
27.636, 1.13604, 3; 
30.4645, 3.96447, 3; 
33.2929, 6.79289, 3; 
33.5001, 7.00008, 3; 
33.5001, 14.0711, 3; 
30.6716, 16.8996, 3; 
27.8432, 19.728, 3; 
25.0148, 22.5564, 3; 
22.8935, 24.6777, 3; 
15.8224, 24.6777, 3; 
12.994, 21.8493, 3; 
10.1656, 19.0209, 3; 
9.45844, 18.3138, 3; 
9.45844, 11.2427, 3; 
12.2869, 8.41429, 3; 
15.1153, 5.58586, 3; 
17.9437, 2.75743, 3; 
20.065, 0.636114, 3; 
27.1361, 0.636114, 3; 
29.9645, 3.46454, 3; 
32.793, 6.29297, 3; 
33.0002, 6.50015, 3; 
33.0002, 13.5712, 3; 
30.1717, 16.3996, 3; 
27.3433, 19.2281, 3; 
24.5149, 22.0565, 3; 
22.3935, 24.1778, 3; 
15.3225, 24.1778, 3; 
12.4941, 21.3494, 3; 
9.66563, 18.521, 3; 
8.95852, 17.8139, 3; 
8.95852, 10.7428, 3; 
11.7869, 7.91436, 3; 
14.6154, 5.08594, 3; 
17.4438, 2.25751, 3; 
19.5651, 0.13619, 3; 
26.6362, 0.13619, 3; 
29.4646, 2.96462, 3; 
32.293, 5.79304, 3; 
32.5002, 6.00023, 3; 
32.5002, 13.0713, 3; 
29.6718, 15.8997, 3; 
26.8434, 18.7281, 3; 
24.0149, 21.5566, 3; 
21.8936, 23.6779, 3; 
14.8226, 23.6779, 3; 
11.9941, 20.8495, 3; 
9.1657, 18.021, 3; 
8.4586, 17.3139, 3; 
8.4586, 10.2429, 3; 
11.287, 7.41444, 3; 
14.1155, 4.58601, 3; 
16.9439, 1.75759, 3; 
19.0652, -0.363735, 3; 
26.1363, -0.363735, 3; 
28.9647, 2.46469, 3; 
31.7931, 5.29312, 3; 
32.0003, 5.5003, 3; 
32.0003, 12.5714, 3; 
29.1719, 15.3998, 3; 
26.3434, 18.2282, 3; 
23.515, 21.0567, 3; 
21.3937, 23.178, 3; 
14.3226, 23.178, 3; 
11.4942, 20.3495, 3; 
8.66578, 17.5211, 3; 
7.95867, 16.814, 3; 
7.95867, 9.74294, 3; 
10.7871, 6.91452, 3; 
13.6155, 4.08609, 3; 
16.444, 1.25766, 3; 
18.5653, -0.863659, 3; 
25.6363, -0.863659, 3; 
28.4648, 1.96477, 3; 
31.2932, 4.7932, 3; 
31.5004, 5.00038, 3; 
31.5004, 12.0714, 3; 
28.672, 14.8999, 3; 
25.8435, 17.7283, 3; 
23.0151, 20.5567, 3; 
20.8938, 22.678, 3; 
13.8227, 22.678, 3; 
10.9943, 19.8496, 3; 
8.16585, 17.0212, 3; 
7.45875, 16.3141, 3; 
7.45875, 9.24302, 3; 
10.2872, 6.41459, 3; 
13.1156, 3.58616, 3; 
15.944, 0.757737, 3; 
18.0653, -1.36358, 3; 
25.1364, -1.36358, 3; 
27.9648, 1.46484, 3; 
30.7933, 4.29327, 3; 
31.0005, 4.50045, 3; 
31.0005, 11.5715, 3; 
28.172, 14.3999, 3; 
25.3436, 17.2284, 3; 
22.5152, 20.0568, 3; 
20.3939, 22.1781, 3; 
13.3228, 22.1781, 3; 
10.4944, 19.3497, 3; 
7.66593, 16.5213, 3; 
6.95882, 15.8142, 3; 
6.95882, 8.74309, 3; 
9.78725, 5.91467, 3; 
12.6157, 3.08624, 3; 
15.4441, 0.257812, 3; 
17.5654, -1.86351, 3; 
24.6365, -1.86351, 3; 
27.4649, 0.964919, 3; 
30.2933, 3.79335, 3; 
30.5005, 4.00053, 3; 
30.5005, 11.0716, 3; 
27.6721, 13.9, 3; 
24.8437, 16.7285, 3; 
22.0152, 19.5569, 3; 
19.8939, 21.6782, 3; 
12.8229, 21.6782, 3; 
9.99443, 18.8498, 3; 
7.166, 16.0213, 3; 
6.4589, 15.3142, 3; 
6.4589, 8.24317, 3; 
9.28733, 5.41474, 3; 
12.1158, 2.58631, 3; 
14.9442, -0.242112, 3; 
17.0655, -2.36343, 3; 
24.1366, -2.36343, 3; 
26.965, 0.464995, 3; 
29.7934, 3.29342, 3; 
30.0006, 3.5006, 3; 
30.0006, 10.5717, 3; 
27.1722, 13.4001, 3; 
24.3437, 16.2285, 3; 
21.5153, 19.057, 3; 
19.394, 21.1783, 3; 
12.3229, 21.1783, 3; 
9.49451, 18.3498, 3; 
6.66608, 15.5214, 3; 
5.95897, 14.8143, 3; 
5.95897, 7.74324, 3; 
8.7874, 4.91482, 3; 
11.6158, 2.08639, 3; 
14.4443, -0.742037, 3; 
16.5656, -2.86336, 3; 
23.6366, -2.86336, 3; 
26.4651, -0.0349299, 3; 
29.2935, 2.7935, 3; 
29.5007, 3.00068, 3; 
29.5007, 10.0717, 3; 
26.6723, 12.9002, 3; 
23.8438, 15.7286, 3; 
21.0154, 18.557, 3; 
18.8941, 20.6783, 3; 
11.823, 20.6783, 3; 
8.99458, 17.8499, 3; 
6.16616, 15.0215, 3; 
5.45905, 14.3144, 3; 
5.45905, 7.24332, 3; 
8.28748, 4.41489, 3; 
11.1159, 1.58647, 3; 
13.9443, -1.24196, 3; 
16.0657, -3.36328, 3; 
23.1367, -3.36328, 3; 
25.9651, -0.534854, 3; 
28.7936, 2.29357, 3; 
29.0008, 2.50076, 3; 
29.0008, 9.57182, 3; 
26.1723, 12.4002, 3; 
23.3439, 15.2287, 3; 
20.5155, 18.0571, 3; 
18.3942, 20.1784, 3; 
11.3231, 20.1784, 3; 
8.49466, 17.35, 3; 
5.66623, 14.5216, 3; 
4.95912, 13.8145, 3; 
4.95912, 6.7434, 3; 
7.78755, 3.91497, 3; 
10.616, 1.08654, 3; 
13.4444, -1.74189, 3; 
15.5657, -3.86321, 3; 
22.6368, -3.86321, 3; 
25.4652, -1.03478, 3; 
28.2936, 1.79365, 3; 
28.5008, 2.00083, 3; 
28.5008, 9.0719, 3; 
25.6724, 11.9003, 3; 
22.844, 14.7288, 3; 
20.0155, 17.5572, 3; 
17.8942, 19.6785, 3; 
10.8232, 19.6785, 3; 
7.99473, 16.8501, 3; 
5.16631, 14.0216, 3; 
4.4592, 13.3145, 3; 
4.4592, 6.24347, 3; 
7.28763, 3.41504, 3; 
10.1161, 0.586617, 3; 
12.9445, -2.24181, 3; 
15.0658, -4.36313, 3; 
22.1369, -4.36313, 3; 
24.9653, -1.5347, 3; 
27.7937, 1.29372, 3; 
28.0009, 1.50091, 3; 
28.0009, 8.57197, 3; 
25.1725, 11.4004, 3; 
22.3441, 14.2288, 3; 
19.5156, 17.0573, 3; 
17.3943, 19.1786, 3; 
10.3232, 19.1786, 3; 
7.49481, 16.3501, 3; 
4.66638, 13.5217, 3; 
3.95928, 12.8146, 3; 
3.95928, 5.74355, 3; 
6.7877, 2.91512, 3; 
9.61613, 0.0866925, 3; 
12.4446, -2.74173, 3; 
14.5659, -4.86305, 3; 
21.6369, -4.86305, 3; 
24.4654, -2.03463, 3; 
27.2938, 0.793799, 3; 
27.501, 1.00098, 3; 
27.501, 8.07205, 3; 
24.6726, 10.9005, 3; 
21.8441, 13.7289, 3; 
19.0157, 16.5573, 3; 
16.8944, 18.6787, 3; 
9.82331, 18.6787, 3; 
6.99488, 15.8502, 3; 
4.16646, 13.0218, 3; 
3.45935, 12.3147, 3; 
3.45935, 5.24362, 3; 
6.28778, 2.4152, 3; 
9.11621, -0.413232, 3; 
11.9446, -3.24166, 3; 
14.066, -5.36298, 3; 
21.137, -5.36298, 3; 
23.9654, -2.53455, 3; 
26.7939, 0.293875, 3; 
27.0011, 0.501057, 3; 
27.0011, 7.57212, 3; 
24.1726, 10.4006, 3; 
21.3442, 13.229, 3; 
18.5158, 16.0574, 3; 
16.3945, 18.1787, 3; 
9.32339, 18.1787, 3; 
6.49496, 15.3503, 3; 
3.66653, 12.5219, 3; 
2.95943, 11.8148, 3; 
2.95943, 4.7437, 3; 
5.78785, 1.91527, 3; 
8.61628, -0.913156, 3; 
11.4447, -3.74158, 3; 
13.566, -5.8629, 3; 
20.6371, -5.8629, 3; 
23.4655, -3.03448, 3; 
26.294, -0.20605, 3; 
26.5011, 0.00113259, 3; 
26.5011, 7.0722, 3; 
23.6727, 9.90063, 3; 
20.8443, 12.7291, 3; 
18.0159, 15.5575, 3; 
15.8945, 17.6788, 3; 
8.82346, 17.6788, 3; 
5.99504, 14.8504, 3; 
3.16661, 12.0219, 3; 
2.4595, 11.3148, 3; 
2.4595, 4.24377, 3; 
5.28793, 1.41535, 3; 
8.11636, -1.41308, 3; 
10.9448, -4.24151, 3; 
13.0661, -6.36283, 3; 
20.1372, -6.36283, 3; 
22.9656, -3.5344, 3; 
25.794, -0.705974, 3; 
26.0012, -0.498792, 3; 
26.0012, 6.57228, 3; 
23.1728, 9.4007, 3; 
20.3444, 12.2291, 3; 
17.5159, 15.0576, 3; 
15.3946, 17.1789, 3; 
8.32354, 17.1789, 3; 
5.49511, 14.3505, 3; 
2.66668, 11.522, 3; 
1.95958, 10.8149, 3; 
1.95958, 3.74385, 3; 
4.788, 0.915422, 3; 
7.61643, -1.91301, 3; 
10.4449, -4.74143, 3; 
12.5662, -6.86275, 3; 
19.6372, -6.86275, 3; 
22.4657, -4.03433, 3; 
25.2941, -1.2059, 3; 
25.5013, -0.998716, 3; 
25.5013, 6.07235, 3; 
22.6729, 8.90078, 3; 
19.8444, 11.7292, 3; 
17.016, 14.5576, 3; 
14.8947, 16.679, 3; 
7.82361, 16.679, 3; 
4.99519, 13.8505, 3; 
2.16676, 11.0221, 3; 
1.45965, 10.315, 3; 
1.45965, 3.24392, 3; 
4.28808, 0.415497, 3; 
7.11651, -2.41293, 3; 
9.94493, -5.24136, 3; 
12.0663, -7.36268, 3; 
19.1373, -7.36268, 3; 
21.9657, -4.53425, 3; 
24.7942, -1.70582, 3; 
25.0014, -1.49864, 3; 
25.0014, 5.57243, 3; 
22.1729, 8.40085, 3; 
19.3445, 11.2293, 3; 
16.5161, 14.0577, 3; 
14.3948, 16.179, 3; 
7.32369, 16.179, 3; 
4.49526, 13.3506, 3; 
1.66684, 10.5222, 3; 
0.959729, 9.81507, 3; 
0.959729, 2.744, 3; 
3.78816, -0.0844273, 3; 
6.61658, -2.91285, 3; 
9.44501, -5.74128, 3; 
11.5663, -7.8626, 3; 
18.6374, -7.8626, 3; 
21.4658, -5.03417, 3; 
24.2943, -2.20575, 3; 
24.5014, -1.99857, 3; 
24.5014, 5.0725, 3; 
21.673, 7.90093, 3; 
18.8446, 10.7294, 3; 
16.0162, 13.5578, 3; 
13.8948, 15.6791, 3; 
6.82377, 15.6791, 3; 
3.99534, 12.8507, 3; 
1.16691, 10.0222, 3; 
0.459804, 9.31514, 3; 
0.459804, 2.24408, 3; 
3.28823, -0.584352, 3; 
6.11666, -3.41278, 3; 
8.94509, -6.24121, 3; 
11.0664, -8.36253, 3; 
18.1375, -8.36253, 3; 
20.9659, -5.5341, 3; 
23.7943, -2.70567, 3; 
24.0015, -2.49849, 3; 
24.0015, 4.57258, 3; 
