path = [
-5, 10, 1; 
5, 10, 1; 
5, -10, 1; 
55, -10, 4; 
58.5355, -8.53553, 4; 
60, -5, 4; 
60, -1, 4; 
60, 3, 4; 
60, 7, 4; 
60, 11, 4; 
60, 15, 4; 
60, 19, 4; 
60, 23, 4; 
60, 25, 4; 
58.5355, 28.5355, 4; 
55, 30, 4; 
51, 30, 4; 
47, 30, 4; 
45, 30, 4; 
41.4645, 28.5355, 4; 
40, 25, 4; 
40, 21, 4; 
40, 17, 4; 
40, 13, 4; 
40, 9, 4; 
40, 5, 4; 
40, 1, 4; 
40, -3, 4; 
40, -5, 4; 
41.4645, -8.53553, 4; 
45, -10, 4; 
49, -10, 4; 
53, -10, 4; 
54.293, -10, 4; 
57.8285, -8.53553, 4; 
59.293, -5, 4; 
59.293, -1, 4; 
59.293, 3, 4; 
59.293, 7, 4; 
59.293, 11, 4; 
59.293, 15, 4; 
59.293, 19, 4; 
59.293, 23, 4; 
59.293, 25, 4; 
57.8285, 28.5355, 4; 
54.293, 30, 4; 
50.293, 30, 4; 
46.293, 30, 4; 
44.293, 30, 4; 
40.7575, 28.5355, 4; 
39.293, 25, 4; 
39.293, 21, 4; 
39.293, 17, 4; 
39.293, 13, 4; 
39.293, 9, 4; 
39.293, 5, 4; 
39.293, 1, 4; 
39.293, -3, 4; 
39.293, -5, 4; 
40.7575, -8.53553, 4; 
44.293, -10, 4; 
48.293, -10, 4; 
52.293, -10, 4; 
53.586, -10, 4; 
57.1215, -8.53553, 4; 
58.586, -5, 4; 
58.586, -1, 4; 
58.586, 3, 4; 
58.586, 7, 4; 
58.586, 11, 4; 
58.586, 15, 4; 
58.586, 19, 4; 
58.586, 23, 4; 
58.586, 25, 4; 
57.1215, 28.5355, 4; 
53.586, 30, 4; 
49.586, 30, 4; 
45.586, 30, 4; 
43.586, 30, 4; 
40.0505, 28.5355, 4; 
38.586, 25, 4; 
38.586, 21, 4; 
38.586, 17, 4; 
38.586, 13, 4; 
38.586, 9, 4; 
38.586, 5, 4; 
38.586, 1, 4; 
38.586, -3, 4; 
38.586, -5, 4; 
40.0505, -8.53553, 4; 
43.586, -10, 4; 
47.586, -10, 4; 
51.586, -10, 4; 
52.879, -10, 4; 
56.4145, -8.53553, 4; 
57.879, -5, 4; 
57.879, -1, 4; 
57.879, 3, 4; 
57.879, 7, 4; 
57.879, 11, 4; 
57.879, 15, 4; 
57.879, 19, 4; 
57.879, 23, 4; 
57.879, 25, 4; 
56.4145, 28.5355, 4; 
52.879, 30, 4; 
48.879, 30, 4; 
44.879, 30, 4; 
42.879, 30, 4; 
39.3435, 28.5355, 4; 
37.879, 25, 4; 
37.879, 21, 4; 
37.879, 17, 4; 
37.879, 13, 4; 
37.879, 9, 4; 
37.879, 5, 4; 
37.879, 1, 4; 
37.879, -3, 4; 
37.879, -5, 4; 
39.3435, -8.53553, 4; 
42.879, -10, 4; 
46.879, -10, 4; 
50.879, -10, 4; 
52.172, -10, 4; 
55.7075, -8.53553, 4; 
57.172, -5, 4; 
57.172, -1, 4; 
57.172, 3, 4; 
57.172, 7, 4; 
57.172, 11, 4; 
57.172, 15, 4; 
57.172, 19, 4; 
57.172, 23, 4; 
57.172, 25, 4; 
55.7075, 28.5355, 4; 
52.172, 30, 4; 
48.172, 30, 4; 
44.172, 30, 4; 
42.172, 30, 4; 
38.6365, 28.5355, 4; 
37.172, 25, 4; 
37.172, 21, 4; 
37.172, 17, 4; 
37.172, 13, 4; 
37.172, 9, 4; 
37.172, 5, 4; 
37.172, 1, 4; 
37.172, -3, 4; 
37.172, -5, 4; 
38.6365, -8.53553, 4; 
42.172, -10, 4; 
46.172, -10, 4; 
50.172, -10, 4; 
51.465, -10, 4; 
55.0005, -8.53553, 4; 
56.465, -5, 4; 
56.465, -1, 4; 
56.465, 3, 4; 
56.465, 7, 4; 
56.465, 11, 4; 
56.465, 15, 4; 
56.465, 19, 4; 
56.465, 23, 4; 
56.465, 25, 4; 
55.0005, 28.5355, 4; 
51.465, 30, 4; 
47.465, 30, 4; 
43.465, 30, 4; 
41.465, 30, 4; 
37.9295, 28.5355, 4; 
36.465, 25, 4; 
36.465, 21, 4; 
36.465, 17, 4; 
36.465, 13, 4; 
36.465, 9, 4; 
36.465, 5, 4; 
36.465, 1, 4; 
36.465, -3, 4; 
36.465, -5, 4; 
37.9295, -8.53553, 4; 
41.465, -10, 4; 
45.465, -10, 4; 
49.465, -10, 4; 
50.758, -10, 4; 
54.2935, -8.53553, 4; 
55.758, -5, 4; 
55.758, -1, 4; 
55.758, 3, 4; 
55.758, 7, 4; 
55.758, 11, 4; 
55.758, 15, 4; 
55.758, 19, 4; 
55.758, 23, 4; 
55.758, 25, 4; 
54.2935, 28.5355, 4; 
50.758, 30, 4; 
46.758, 30, 4; 
42.758, 30, 4; 
40.758, 30, 4; 
37.2225, 28.5355, 4; 
35.758, 25, 4; 
35.758, 21, 4; 
35.758, 17, 4; 
35.758, 13, 4; 
35.758, 9, 4; 
35.758, 5, 4; 
35.758, 1, 4; 
35.758, -3, 4; 
35.758, -5, 4; 
37.2225, -8.53553, 4; 
40.758, -10, 4; 
44.758, -10, 4; 
48.758, -10, 4; 
50.051, -10, 4; 
53.5865, -8.53553, 4; 
55.051, -5, 4; 
55.051, -1, 4; 
55.051, 3, 4; 
55.051, 7, 4; 
55.051, 11, 4; 
55.051, 15, 4; 
55.051, 19, 4; 
55.051, 23, 4; 
55.051, 25, 4; 
53.5865, 28.5355, 4; 
50.051, 30, 4; 
46.051, 30, 4; 
42.051, 30, 4; 
40.051, 30, 4; 
36.5155, 28.5355, 4; 
35.051, 25, 4; 
35.051, 21, 4; 
35.051, 17, 4; 
35.051, 13, 4; 
35.051, 9, 4; 
35.051, 5, 4; 
35.051, 1, 4; 
35.051, -3, 4; 
35.051, -5, 4; 
36.5155, -8.53553, 4; 
40.051, -10, 4; 
44.051, -10, 4; 
48.051, -10, 4; 
49.344, -10, 4; 
52.8795, -8.53553, 4; 
54.344, -5, 4; 
54.344, -1, 4; 
54.344, 3, 4; 
54.344, 7, 4; 
54.344, 11, 4; 
54.344, 15, 4; 
54.344, 19, 4; 
54.344, 23, 4; 
54.344, 25, 4; 
52.8795, 28.5355, 4; 
49.344, 30, 4; 
45.344, 30, 4; 
41.344, 30, 4; 
39.344, 30, 4; 
35.8085, 28.5355, 4; 
34.344, 25, 4; 
34.344, 21, 4; 
34.344, 17, 4; 
34.344, 13, 4; 
34.344, 9, 4; 
34.344, 5, 4; 
34.344, 1, 4; 
34.344, -3, 4; 
34.344, -5, 4; 
35.8085, -8.53553, 4; 
39.344, -10, 4; 
43.344, -10, 4; 
47.344, -10, 4; 
48.637, -10, 4; 
52.1725, -8.53553, 4; 
53.637, -5, 4; 
53.637, -1, 4; 
53.637, 3, 4; 
53.637, 7, 4; 
53.637, 11, 4; 
53.637, 15, 4; 
53.637, 19, 4; 
53.637, 23, 4; 
53.637, 25, 4; 
52.1725, 28.5355, 4; 
48.637, 30, 4; 
44.637, 30, 4; 
40.637, 30, 4; 
38.637, 30, 4; 
35.1015, 28.5355, 4; 
33.637, 25, 4; 
33.637, 21, 4; 
33.637, 17, 4; 
33.637, 13, 4; 
33.637, 9, 4; 
33.637, 5, 4; 
33.637, 1, 4; 
33.637, -3, 4; 
33.637, -5, 4; 
35.1015, -8.53553, 4; 
38.637, -10, 4; 
42.637, -10, 4; 
46.637, -10, 4; 
47.93, -10, 4; 
51.4655, -8.53553, 4; 
52.93, -5, 4; 
52.93, -1, 4; 
52.93, 3, 4; 
52.93, 7, 4; 
52.93, 11, 4; 
52.93, 15, 4; 
52.93, 19, 4; 
52.93, 23, 4; 
52.93, 25, 4; 
51.4655, 28.5355, 4; 
47.93, 30, 4; 
43.93, 30, 4; 
39.93, 30, 4; 
37.93, 30, 4; 
34.3945, 28.5355, 4; 
32.93, 25, 4; 
32.93, 21, 4; 
32.93, 17, 4; 
32.93, 13, 4; 
32.93, 9, 4; 
32.93, 5, 4; 
32.93, 1, 4; 
32.93, -3, 4; 
32.93, -5, 4; 
34.3945, -8.53553, 4; 
37.93, -10, 4; 
41.93, -10, 4; 
45.93, -10, 4; 
47.223, -10, 4; 
50.7585, -8.53553, 4; 
52.223, -5, 4; 
52.223, -1, 4; 
52.223, 3, 4; 
52.223, 7, 4; 
52.223, 11, 4; 
52.223, 15, 4; 
52.223, 19, 4; 
52.223, 23, 4; 
52.223, 25, 4; 
50.7585, 28.5355, 4; 
47.223, 30, 4; 
43.223, 30, 4; 
39.223, 30, 4; 
37.223, 30, 4; 
33.6875, 28.5355, 4; 
32.223, 25, 4; 
32.223, 21, 4; 
32.223, 17, 4; 
32.223, 13, 4; 
32.223, 9, 4; 
32.223, 5, 4; 
32.223, 1, 4; 
32.223, -3, 4; 
32.223, -5, 4; 
33.6875, -8.53553, 4; 
37.223, -10, 4; 
41.223, -10, 4; 
45.223, -10, 4; 
46.516, -10, 4; 
50.0515, -8.53553, 4; 
51.516, -5, 4; 
51.516, -1, 4; 
51.516, 3, 4; 
51.516, 7, 4; 
51.516, 11, 4; 
51.516, 15, 4; 
51.516, 19, 4; 
51.516, 23, 4; 
51.516, 25, 4; 
50.0515, 28.5355, 4; 
46.516, 30, 4; 
42.516, 30, 4; 
38.516, 30, 4; 
36.516, 30, 4; 
32.9805, 28.5355, 4; 
31.516, 25, 4; 
31.516, 21, 4; 
31.516, 17, 4; 
31.516, 13, 4; 
31.516, 9, 4; 
31.516, 5, 4; 
31.516, 1, 4; 
31.516, -3, 4; 
31.516, -5, 4; 
32.9805, -8.53553, 4; 
36.516, -10, 4; 
40.516, -10, 4; 
44.516, -10, 4; 
45.809, -10, 4; 
49.3445, -8.53553, 4; 
50.809, -5, 4; 
50.809, -1, 4; 
50.809, 3, 4; 
50.809, 7, 4; 
50.809, 11, 4; 
50.809, 15, 4; 
50.809, 19, 4; 
50.809, 23, 4; 
50.809, 25, 4; 
49.3445, 28.5355, 4; 
45.809, 30, 4; 
41.809, 30, 4; 
37.809, 30, 4; 
35.809, 30, 4; 
32.2735, 28.5355, 4; 
30.809, 25, 4; 
30.809, 21, 4; 
30.809, 17, 4; 
30.809, 13, 4; 
30.809, 9, 4; 
30.809, 5, 4; 
30.809, 1, 4; 
30.809, -3, 4; 
30.809, -5, 4; 
32.2735, -8.53553, 4; 
35.809, -10, 4; 
39.809, -10, 4; 
43.809, -10, 4; 
45.102, -10, 4; 
48.6375, -8.53553, 4; 
50.102, -5, 4; 
50.102, -1, 4; 
50.102, 3, 4; 
50.102, 7, 4; 
50.102, 11, 4; 
50.102, 15, 4; 
50.102, 19, 4; 
50.102, 23, 4; 
50.102, 25, 4; 
48.6375, 28.5355, 4; 
45.102, 30, 4; 
41.102, 30, 4; 
37.102, 30, 4; 
35.102, 30, 4; 
31.5665, 28.5355, 4; 
30.102, 25, 4; 
30.102, 21, 4; 
30.102, 17, 4; 
30.102, 13, 4; 
30.102, 9, 4; 
30.102, 5, 4; 
30.102, 1, 4; 
30.102, -3, 4; 
30.102, -5, 4; 
31.5665, -8.53553, 4; 
35.102, -10, 4; 
39.102, -10, 4; 
43.102, -10, 4; 
44.395, -10, 4; 
47.9305, -8.53553, 4; 
49.395, -5, 4; 
49.395, -1, 4; 
49.395, 3, 4; 
49.395, 7, 4; 
49.395, 11, 4; 
49.395, 15, 4; 
49.395, 19, 4; 
49.395, 23, 4; 
49.395, 25, 4; 
47.9305, 28.5355, 4; 
44.395, 30, 4; 
40.395, 30, 4; 
36.395, 30, 4; 
34.395, 30, 4; 
30.8595, 28.5355, 4; 
29.395, 25, 4; 
29.395, 21, 4; 
29.395, 17, 4; 
29.395, 13, 4; 
29.395, 9, 4; 
29.395, 5, 4; 
29.395, 1, 4; 
29.395, -3, 4; 
29.395, -5, 4; 
30.8595, -8.53553, 4; 
34.395, -10, 4; 
38.395, -10, 4; 
42.395, -10, 4; 
