path = [
30, 10, 2; 
50, 10, 1; 
];
