path = [
-71, -61, 0, 0, 0, 2.23402; 
-71, -61, 0, 0, 0, 2.23402; 
-73.4626, -57.848, 0, 0, 0, 2.23402; 
-75.9253, -54.6959, 0, 0, 0, 2.23402; 
-79.6193, -49.9678, 0, 0, 0, 2.23402; 
-82.0819, -46.8158, 0, 0, 0, 2.23402; 
-84.5446, -43.6638, 0, 0, 0, 2.23402; 
-87.0072, -40.5117, 0, 0, 0, 2.23402; 
-89.4698, -37.3597, 0, 0, 0, 2.23402; 
-91.9325, -34.2076, 0, 0, 0, 2.23402; 
-94.3951, -31.0556, 0, 0, 0, 2.23402; 
-95.6265, -29.4796, 0, 0, 0, 2.23402; 
-97.649, -24.7147, 0, -0, 0, 1.71042; 
-97.0182, -19.5769, 0, -0, 0, 1.18682; 
-93.903, -15.4428, 0, -0, 0, 0.663225; 
-90.7509, -12.9802, 0, -0, 0, 0.663225; 
-87.5989, -10.5176, 0, -0, 0, 0.663225; 
-84.4468, -8.05491, 0, -0, 0, 0.663225; 
-81.2948, -5.59226, 0, -0, 0, 0.663225; 
-78.1428, -3.12962, 0, -0, 0, 0.663225; 
-74.9907, -0.666972, 0, -0, 0, 0.663225; 
-71.8387, 1.79567, 0, -0, 0, 0.663225; 
-70.2626, 3.027, 0, -0, 0, 0.663225; 
-65.4978, 5.04957, 0, 0, 0, 0.139626; 
-60.36, 4.41873, 0, 0, 0, -0.383972; 
-56.2259, 1.3035, 0, 0, 0, -0.907571; 
-53.7633, -1.84854, 0, 0, 0, -0.907571; 
-51.3006, -5.00058, 0, 0, 0, -0.907571; 
-48.838, -8.15263, 0, 0, 0, -0.907571; 
-46.3753, -11.3047, 0, 0, 0, -0.907571; 
-43.9127, -14.4567, 0, 0, 0, -0.907571; 
-41.45, -17.6088, 0, 0, 0, -0.907571; 
-38.9874, -20.7608, 0, 0, 0, -0.907571; 
-37.7561, -22.3368, 0, 0, 0, -0.907571; 
-35.7335, -27.1017, 0, 0, 0, -1.43117; 
-36.3643, -32.2395, 0, 0, 0, -1.95477; 
-39.4796, -36.3735, 0, 0, 0, -2.47837; 
-42.6316, -38.8362, 0, 0, 0, -2.47837; 
-45.7837, -41.2988, 0, 0, 0, -2.47837; 
-48.9357, -43.7615, 0, 0, 0, -2.47837; 
-52.0877, -46.2241, 0, 0, 0, -2.47837; 
-55.2398, -48.6868, 0, 0, 0, -2.47837; 
-58.3918, -51.1494, 0, 0, 0, -2.47837; 
-61.5439, -53.6121, 0, 0, 0, -2.47837; 
-62.5289, -54.3816, 0, 0, 0, -2.47837; 
-67.2938, -56.4042, 0, 0, 0, -3.00197; 
-72.4316, -55.7734, 0, -0, 0, 2.75762; 
-76.5656, -52.6581, 0, -0, 0, 2.23402; 
-79.49, -48.9151, 0, -0, 0, 2.23402; 
-81.9526, -45.7631, 0, -0, 0, 2.23402; 
-84.4153, -42.611, 0, -0, 0, 2.23402; 
-86.8779, -39.459, 0, -0, 0, 2.23402; 
-89.3406, -36.3069, 0, -0, 0, 2.23402; 
-91.8032, -33.1549, 0, -0, 0, 2.23402; 
-94.2659, -30.0028, 0, -0, 0, 2.23402; 
-94.5737, -29.6088, 0, -0, 0, 2.23402; 
-96.5963, -24.8439, 0, -0, 0, 1.71042; 
-95.9654, -19.7062, 0, -0, 0, 1.18682; 
-92.8502, -15.5721, 0, -0, 0, 0.663225; 
-89.6982, -13.1095, 0, -0, 0, 0.663225; 
-86.5461, -10.6468, 0, -0, 0, 0.663225; 
-83.3941, -8.18417, 0, -0, 0, 0.663225; 
-80.242, -5.72153, 0, -0, 0, 0.663225; 
-77.09, -3.25888, 0, -0, 0, 0.663225; 
-73.938, -0.796234, 0, -0, 0, 0.663225; 
-70.7859, 1.66641, 0, -0, 0, 0.663225; 
-70.3919, 1.97424, 0, -0, 0, 0.663225; 
-65.627, 3.99682, 0, 0, 0, 0.139626; 
-60.4892, 3.36597, 0, 0, 0, -0.383972; 
-56.3552, 0.25075, 0, 0, 0, -0.907571; 
-53.8925, -2.90129, 0, 0, 0, -0.907571; 
-51.4299, -6.05334, 0, 0, 0, -0.907571; 
-48.9672, -9.20538, 0, 0, 0, -0.907571; 
-46.5046, -12.3574, 0, 0, 0, -0.907571; 
-44.042, -15.5095, 0, 0, 0, -0.907571; 
-41.5793, -18.6615, 0, 0, 0, -0.907571; 
-39.1167, -21.8136, 0, 0, 0, -0.907571; 
-38.8088, -22.2076, 0, 0, 0, -0.907571; 
-36.7863, -26.9724, 0, 0, 0, -1.43117; 
-37.4171, -32.1102, 0, 0, 0, -1.95477; 
-40.5323, -36.2443, 0, 0, 0, -2.47837; 
-43.6844, -38.7069, 0, 0, 0, -2.47837; 
-46.8364, -41.1696, 0, 0, 0, -2.47837; 
-49.9885, -43.6322, 0, 0, 0, -2.47837; 
-53.1405, -46.0949, 0, 0, 0, -2.47837; 
-56.2925, -48.5575, 0, 0, 0, -2.47837; 
-59.4446, -51.0202, 0, 0, 0, -2.47837; 
-62.3996, -53.3289, 0, 0, 0, -2.47837; 
-67.1645, -55.3515, 0, 0, 0, -3.00197; 
-72.3023, -54.7206, 0, -0, 0, 2.75762; 
-76.4363, -51.6054, 0, -0, 0, 2.23402; 
-79.3607, -47.8623, 0, -0, 0, 2.23402; 
-81.8234, -44.7103, 0, -0, 0, 2.23402; 
-84.286, -41.5583, 0, -0, 0, 2.23402; 
-86.7487, -38.4062, 0, -0, 0, 2.23402; 
-89.2113, -35.2542, 0, -0, 0, 2.23402; 
-91.674, -32.1021, 0, -0, 0, 2.23402; 
-93.521, -29.7381, 0, -0, 0, 2.23402; 
-95.5435, -24.9732, 0, -0, 0, 1.71042; 
-94.9127, -19.8354, 0, -0, 0, 1.18682; 
-91.7975, -15.7014, 0, -0, 0, 0.663225; 
-88.6454, -13.2387, 0, -0, 0, 0.663225; 
-85.4934, -10.7761, 0, -0, 0, 0.663225; 
-82.3413, -8.31343, 0, -0, 0, 0.663225; 
-79.1893, -5.85079, 0, -0, 0, 0.663225; 
-76.0372, -3.38814, 0, -0, 0, 0.663225; 
-72.8852, -0.925496, 0, -0, 0, 0.663225; 
-70.5212, 0.921488, 0, -0, 0, 0.663225; 
-65.7563, 2.94406, 0, 0, 0, 0.139626; 
-60.6185, 2.31322, 0, 0, 0, -0.383972; 
-56.4844, -0.802004, 0, 0, 0, -0.907571; 
-54.0218, -3.95405, 0, 0, 0, -0.907571; 
-51.5592, -7.10609, 0, 0, 0, -0.907571; 
-49.0965, -10.2581, 0, 0, 0, -0.907571; 
-46.6339, -13.4102, 0, 0, 0, -0.907571; 
-44.1712, -16.5622, 0, 0, 0, -0.907571; 
-41.7086, -19.7143, 0, 0, 0, -0.907571; 
-39.8616, -22.0783, 0, 0, 0, -0.907571; 
-37.839, -26.8432, 0, 0, 0, -1.43117; 
-38.4699, -31.981, 0, 0, 0, -1.95477; 
-41.5851, -36.115, 0, 0, 0, -2.47837; 
-44.7371, -38.5777, 0, 0, 0, -2.47837; 
-47.8892, -41.0403, 0, 0, 0, -2.47837; 
-51.0412, -43.503, 0, 0, 0, -2.47837; 
-54.1933, -45.9656, 0, 0, 0, -2.47837; 
-57.3453, -48.4282, 0, 0, 0, -2.47837; 
-60.4973, -50.8909, 0, 0, 0, -2.47837; 
-62.2704, -52.2761, 0, 0, 0, -2.47837; 
-67.0352, -54.2987, 0, 0, 0, -3.00197; 
-72.173, -53.6679, 0, -0, 0, 2.75762; 
-76.3071, -50.5526, 0, -0, 0, 2.23402; 
-79.2315, -46.8096, 0, -0, 0, 2.23402; 
-81.6941, -43.6575, 0, -0, 0, 2.23402; 
-84.1568, -40.5055, 0, -0, 0, 2.23402; 
-86.6194, -37.3535, 0, -0, 0, 2.23402; 
-89.0821, -34.2014, 0, -0, 0, 2.23402; 
-91.5447, -31.0494, 0, -0, 0, 2.23402; 
-92.4682, -29.8674, 0, -0, 0, 2.23402; 
-94.4908, -25.1025, 0, -0, 0, 1.71042; 
-93.8599, -19.9647, 0, -0, 0, 1.18682; 
-90.7447, -15.8306, 0, -0, 0, 0.663225; 
-87.5927, -13.368, 0, -0, 0, 0.663225; 
-84.4406, -10.9053, 0, -0, 0, 0.663225; 
-81.2886, -8.4427, 0, -0, 0, 0.663225; 
-78.1365, -5.98005, 0, -0, 0, 0.663225; 
-74.9845, -3.5174, 0, -0, 0, 0.663225; 
-71.8324, -1.05476, 0, -0, 0, 0.663225; 
-70.6504, -0.131266, 0, -0, 0, 0.663225; 
-65.8855, 1.89131, 0, 0, 0, 0.139626; 
-60.7477, 1.26047, 0, 0, 0, -0.383972; 
-56.6137, -1.85476, 0, 0, 0, -0.907571; 
-54.1511, -5.0068, 0, 0, 0, -0.907571; 
-51.6884, -8.15884, 0, 0, 0, -0.907571; 
-49.2258, -11.3109, 0, 0, 0, -0.907571; 
-46.7631, -14.4629, 0, 0, 0, -0.907571; 
-44.3005, -17.615, 0, 0, 0, -0.907571; 
-41.8378, -20.767, 0, 0, 0, -0.907571; 
-40.9143, -21.949, 0, 0, 0, -0.907571; 
-38.8918, -26.7139, 0, 0, 0, -1.43117; 
-39.5226, -31.8517, 0, 0, 0, -1.95477; 
-42.6378, -35.9858, 0, 0, 0, -2.47837; 
-45.7899, -38.4484, 0, 0, 0, -2.47837; 
-48.9419, -40.911, 0, 0, 0, -2.47837; 
-52.094, -43.3737, 0, 0, 0, -2.47837; 
-55.246, -45.8363, 0, 0, 0, -2.47837; 
-58.398, -48.299, 0, 0, 0, -2.47837; 
-61.5501, -50.7616, 0, 0, 0, -2.47837; 
-62.1411, -51.2234, 0, 0, 0, -2.47837; 
-66.906, -53.2459, 0, 0, 0, -3.00197; 
-72.0438, -52.6151, 0, -0, 0, 2.75762; 
-76.1778, -49.4999, 0, -0, 0, 2.23402; 
-79.1022, -45.7568, 0, -0, 0, 2.23402; 
-81.5649, -42.6048, 0, -0, 0, 2.23402; 
-84.0275, -39.4527, 0, -0, 0, 2.23402; 
-86.4902, -36.3007, 0, -0, 0, 2.23402; 
-88.9528, -33.1487, 0, -0, 0, 2.23402; 
-91.4154, -29.9966, 0, -0, 0, 2.23402; 
-93.438, -25.2317, 0, -0, 0, 1.71042; 
-92.8072, -20.0939, 0, -0, 0, 1.18682; 
-89.6919, -15.9599, 0, -0, 0, 0.663225; 
-86.5399, -13.4972, 0, -0, 0, 0.663225; 
-83.3879, -11.0346, 0, -0, 0, 0.663225; 
-80.2358, -8.57196, 0, -0, 0, 0.663225; 
-77.0838, -6.10931, 0, -0, 0, 0.663225; 
-73.9317, -3.64667, 0, -0, 0, 0.663225; 
-70.7797, -1.18402, 0, -0, 0, 0.663225; 
-66.0148, 0.838553, 0, 0, 0, 0.139626; 
-60.877, 0.207711, 0, 0, 0, -0.383972; 
-56.743, -2.90751, 0, 0, 0, -0.907571; 
-54.2803, -6.05956, 0, 0, 0, -0.907571; 
-51.8177, -9.2116, 0, 0, 0, -0.907571; 
-49.355, -12.3636, 0, 0, 0, -0.907571; 
-46.8924, -15.5157, 0, 0, 0, -0.907571; 
-44.4297, -18.6677, 0, 0, 0, -0.907571; 
-41.9671, -21.8198, 0, 0, 0, -0.907571; 
-39.9445, -26.5847, 0, 0, 0, -1.43117; 
-40.5754, -31.7225, 0, 0, 0, -1.95477; 
-43.6906, -35.8565, 0, 0, 0, -2.47837; 
-46.8426, -38.3191, 0, 0, 0, -2.47837; 
