<?xml version="1.0"?>
<opencv_storage>
<Intrinsics type_id="opencv-matrix">
  <rows>3</rows>
  <cols>3</cols>
  <dt>f</dt>
  <data>
    384.57424927 0. 314.91134644 0. 384.57424927 239.90374756 0. 0. 1.</data></Intrinsics>
</opencv_storage>
